Daftar Kecamatan Padam :
===============================================================================
Nilai M = 1 => 1, 2, 3, 4, 5, 6, 7, 8, 9, 17, 11, 12, 13, 14, 15, 16, dan 10
Nilai M = 2 => 1, 3, 5, 7, 9, 11, 13, 15, 17, 4, 6, 8, 16, 2, 14, 12, dan 10
Nilai M = 3 => 1, 4, 7, 2, 5, 8, 11, 14, 17, 6, 9, 12, 15, 3, 16, 13, dan 10
Nilai M = 4 => 1, 5, 9, 13, 17, 6, 2, 3, 7, 11, 15, 4, 8, 12, 16, 14, dan 10
Nilai M = 5 => 1, 6, 11, 16, 5, 2, 7, 12, 17, 8, 13, 3, 4, 9, 14, 15, dan 10
Nilai M = 6 => 1, 7, 13, 3, 9, 15, 5, 11, 17, 8, 14, 4, 2, 6, 12, 16, dan 10
Nilai M = 7 => 1, 8, 15, 6, 13, 4, 11, 2, 9, 16, 7, 14, 5, 12, 3, 17, dan 10
Nilai M = 8 => 1, 9, 17, 11, 3, 2, 4, 12, 5, 13, 6, 14, 7, 15, 8, 16, dan 10
Nilai M = 9 => 1, 2, 11, 4, 13, 6, 15, 8, 17, 12, 5, 14, 7, 16, 9, 3, dan 10
Nilai M = 10 => 1, 11, 5, 15, 9, 3, 13, 7, 17, 12, 6, 16, 14, 8, 2, 4, dan 10
Nilai M = 11 => 1, 12, 7, 2, 13, 8, 3, 14, 9, 4, 15, 11, 6, 17, 16, 5, dan 10
Nilai M = 12 => 1, 13, 9, 5, 17, 14, 11, 7, 3, 15, 12, 8, 4, 16, 6, 2, dan 10
Nilai M = 13 => 1, 14, 11, 8, 5, 2, 15, 12, 9, 6, 3, 16, 13, 17, 7, 4, dan 10
Nilai M = 14 => 1, 15, 13, 11, 9, 7, 5, 3, 17, 16, 14, 12, 8, 6, 4, 2, dan 10
Nilai M = 15 => 1, 16, 15, 14, 13, 12, 11, 17, 9, 8, 7, 6, 5, 4, 3, 2, dan 10
Nilai M = 16 => 1, 17, 16, 15, 14, 13, 12, 11, 9, 8, 7, 6, 5, 4, 3, 2, dan 10
Nilai M = 17 => 1, 2, 3, 4, 5, 6, 7, 8, 9, 11, 12, 13, 14, 15, 16, 17, dan 10

===============================================================================
Random M = 11